
Part 1

*  0
   1 => 1
   4 => 3
   5 => 1
   6 => 1
   7 => 1
  10 => 3
  11 => 1
  12 => 1
  15 => 3
  16 => 1
  19 => 3
* 22 => 3

   7 1's
   5 3's  5 * 7 = 35

*  0
   1 => 1
   2 => 1
   3 => 1
   4 => 1
   7 => 3
   8 => 1
   9 => 1
  10 => 1
  11 => 1
  14 => 3
  17 => 3
  18 => 1
  19 => 1
  20 => 1
  23 => 3
  24 => 1
  25 => 1
  28 => 3
  31 => 3
  32 => 1
  33 => 1
  34 => 1
  35 => 1
  38 => 3
  39 => 1
  42 => 3
  45 => 3
  46 => 1
  47 => 1
  48 => 1
  49 => 1
* 52 => 3

  22 1's
  10 3's  10 * 22 = 220

Part 2

$arrangements: {
  "[1, 4, 5, 6, 7, 10, 11, 12, 15, 16, 19, 22]"=>1,
  "[1, 4, 5, 6, 7, 10, 12, 15, 16, 19, 22]"=>1,
  "[1, 4, 5, 7, 10, 11, 12, 15, 16, 19, 22]"=>1,
  "[1, 4, 5, 7, 10, 12, 15, 16, 19, 22]"=>1,
  "[1, 4, 6, 7, 10, 11, 12, 15, 16, 19, 22]"=>1,
  "[1, 4, 6, 7, 10, 12, 15, 16, 19, 22]"=>1,
  "[1, 4, 7, 10, 11, 12, 15, 16, 19, 22]"=>1,
  "[1, 4, 7, 10, 12, 15, 16, 19, 22]"=>1
}
