
Repeating
Sequence:                        Minute Counts:                                              Modulo 7:
========= ================================================================================== =========
190380 -  800, 1500, 2200, 2900, 3600, 4300, 5000, 5700, 6400, 7100, 7800, 8500, 9200,  9900 -> 2
199248 -  900, 1600, 2300, 3000, 3700, 4400, 5100, 5800, 6500, 7200, 7900, 8600, 9300, 10000 -> 4
190512 - 1000, 1700, 2400, 3100, 3800, 4500, 5200, 5900, 6600, 7300, 8000, 8700, 9400, 10100 -> 6
200799 - 1100, 1800, 2500, 3200, 3900, 4600, 5300, 6000, 6700, 7400, 8100, 8800, 9500, 10200 -> 1
193569 - 1200, 1900, 2600, 3300, 4000, 4700, 5400, 6100, 6800, 7500, 8200, 8900, 9600, 10300 -> 3
196544 - 1300, 2000, 2700, 3400, 4100, 4800, 5500, 6200, 6900, 7600, 8300, 9000, 9700, 10400 -> 5
191716 - 1400, 2100, 2800, 3500, 4200, 4900, 5600, 6300, 7000, 7700, 8400, 9100, 9800, 10500 -> 0

(modulo 1000000000 7) -> 6 -> 190512 <- Answer!

