(1 13 18 50 44 24)
(1 13 50 44 42)
(1 13 50 44 42)
(1 18 13 50 44 24)
(1 18 48 41 42)
(1 48 6 24 41 30)
(13 13 50 44 30)
(13 13 50 44 6 24)
(13 18 48 41 30)
(13 18 48 6 24 41)
(13 18 6 41 30 42)
(13 24 41 30 42)
(13 24 41 30 42)
(13 48 6 41 42)
(13 48 6 41 42)
(14 1 13 13 44 24 41)
(14 1 13 18 13 44 6 41)
(14 1 13 18 13 50 41)
(14 1 13 18 44 6 24 30)
(14 1 13 18 50 24 30)
(14 1 13 18 50 48 6)
(14 1 13 44 48 30)
(14 1 13 44 48 30)
(14 1 13 44 48 6 24)
(14 1 13 44 48 6 24)
(14 1 13 44 6 30 42)
(14 1 13 44 6 30 42)
(14 1 13 50 30 42)
(14 1 13 50 30 42)
(14 1 13 50 48 24)
(14 1 13 50 48 24)
(14 1 13 50 6 24 42)
(14 1 13 50 6 24 42)
(14 1 18 13 44 6 24 30)
(14 1 18 13 50 24 30)
(14 1 18 13 50 48 6)
(14 1 50 44 41)
(14 13 13 44 24 42)
(14 13 13 50 6 24 30)
(14 13 18 13 44 48)
(14 13 18 13 44 6 42)
(14 13 18 13 50 42)
(14 16 1 18 6 24 41 30)
(14 16 1 48 41 30)
(14 16 1 48 6 24 41)
(14 16 1 6 41 30 42)
(14 16 13 13 50 44)
(14 16 13 18 48 41)
(14 16 13 18 6 41 42)
(14 16 13 24 41 42)
(14 16 13 24 41 42)
(14 16 18 13 48 41)
(14 16 18 13 6 41 42)
(14 16 18 48 24 30)
(14 16 18 6 24 30 42)
(14 16 35 1 13 41 30)
(14 16 35 1 13 41 30)
(14 16 35 1 13 6 24 41)
(14 16 35 1 13 6 24 41)
(14 16 35 1 18 24 42)
(14 16 35 1 48 6 30)
(14 16 35 13 18 13 41)
(14 16 35 13 18 24 30)
(14 16 35 13 18 48 6)
(14 16 35 13 30 42)
(14 16 35 13 30 42)
(14 16 35 13 48 24)
(14 16 35 13 48 24)
(14 16 35 13 6 24 42)
(14 16 35 13 6 24 42)
(14 16 35 18 13 24 30)
(14 16 35 18 13 48 6)
(14 16 35 44 41)
(14 16 48 30 42)
(14 16 48 6 24 42)
(14 18 1 13 13 44 6 41)
(14 18 1 13 13 50 41)
(14 18 1 13 18 44 42)
(14 18 1 13 18 50 6 30)
(14 18 1 13 44 6 24 30)
(14 18 1 13 44 6 24 30)
(14 18 1 13 50 24 30)
(14 18 1 13 50 24 30)
(14 18 1 13 50 48 6)
(14 18 1 13 50 48 6)
(14 18 1 18 13 44 42)
(14 18 1 18 13 50 6 30)
(14 18 13 13 44 48)
(14 18 13 13 44 6 42)
(14 18 13 13 50 42)
(14 18 13 18 13 44 30)
(14 18 13 18 13 44 6 24)
(14 18 13 18 13 50 24)
(14 18 16 1 18 41 42)
(14 18 16 1 6 24 41 30)
(14 18 16 13 18 41 30)
(14 18 16 13 18 6 24 41)
(14 18 16 13 48 41)
(14 18 16 13 48 41)
(14 18 16 13 6 41 42)
(14 18 16 13 6 41 42)
(14 18 16 18 13 41 30)
(14 18 16 18 13 6 24 41)
(14 18 16 18 48 6 30)
(14 18 16 35 1 18 48)
(14 18 16 35 1 18 6 42)
(14 18 16 35 1 24 42)
(14 18 16 35 13 13 41)
(14 18 16 35 13 18 6 30)
(14 18 16 35 13 24 30)
(14 18 16 35 13 24 30)
(14 18 16 35 13 48 6)
(14 18 16 35 13 48 6)
(14 18 16 35 18 13 6 30)
(14 18 16 48 24 30)
(14 18 16 6 24 30 42)
(14 18 18 50 44 6)
(14 18 20 1 13 13 41 30)
(14 18 20 1 13 13 6 24 41)
(14 18 20 1 13 18 24 42)
(14 18 20 1 13 48 6 30)
(14 18 20 1 13 48 6 30)
(14 18 20 1 18 13 24 42)
(14 18 20 1 50 6 41)
(14 18 20 13 13 30 42)
(14 18 20 13 13 48 24)
(14 18 20 13 13 6 24 42)
(14 18 20 13 18 13 24 30)
(14 18 20 13 18 13 48 6)
(14 18 20 13 44 41)
(14 18 20 13 44 41)
(14 18 20 16 1 13 18 44 6)
(14 18 20 16 1 13 18 50)
(14 18 20 16 1 13 44 24)
(14 18 20 16 1 13 44 24)
(14 18 20 16 1 18 13 44 6)
(14 18 20 16 1 18 13 50)
(14 18 20 16 13 13 50 6)
(14 18 20 16 35 6 41)
(14 18 20 18 44 6 30)
(14 18 20 18 50 30)
(14 18 20 18 50 6 24)
(14 18 20 35 1 13 13 6 30)
(14 18 20 35 1 13 13 6 30)
(14 18 20 35 1 18 44)
(14 18 20 35 1 18 44)
(14 18 20 35 13 44 6)
(14 18 20 35 13 44 6)
(14 18 20 35 13 44 6)
(14 18 20 35 13 44 6)
(14 18 20 35 13 50)
(14 18 20 35 13 50)
(14 18 20 35 13 50)
(14 18 20 35 13 50)
(14 18 20 35 16 6 41)
(14 18 20 44 24 30)
(14 18 20 44 48 6)
(14 18 20 45 16 1 6 30)
(14 18 20 45 16 13 18 6)
(14 18 20 45 16 13 24)
(14 18 20 45 16 13 24)
(14 18 20 45 16 18 13 6)
(14 18 20 45 35 18)
(14 18 20 45 35 18)
(14 18 20 50 48)
(14 18 20 50 6 42)
(14 18 35 1 13 13 50 6)
(14 18 35 1 13 13 50 6)
(14 18 35 16 1 18 48)
(14 18 35 16 1 18 6 42)
(14 18 35 16 1 24 42)
(14 18 35 16 13 13 41)
(14 18 35 16 13 18 6 30)
(14 18 35 16 13 24 30)
(14 18 35 16 13 24 30)
(14 18 35 16 13 48 6)
(14 18 35 16 13 48 6)
(14 18 35 16 18 13 6 30)
(14 18 35 16 35 1 13 18)
(14 18 35 16 35 1 18 13)
(14 18 35 16 35 13 13 6)
(14 18 35 18 24 41)
(14 18 35 18 24 41)
(14 18 35 35 1 6 41)
(14 18 35 35 18 30)
(14 18 35 35 18 6 24)
(14 18 35 35 48)
(14 18 35 35 6 42)
(14 18 35 41 42)
(14 18 35 41 42)
(14 18 45 1 13 18 41)
(14 18 45 1 18 13 41)
(14 18 45 1 18 24 30)
(14 18 45 1 18 48 6)
(14 18 45 1 30 42)
(14 18 45 1 48 24)
(14 18 45 1 6 24 42)
(14 18 45 13 13 6 41)
(14 18 45 13 18 42)
(14 18 45 13 6 24 30)
(14 18 45 13 6 24 30)
(14 18 45 16 1 13 13 30)
(14 18 45 16 1 13 13 6 24)
(14 18 45 16 1 50 6)
(14 18 45 16 13 44)
(14 18 45 16 13 44)
(14 18 45 18 13 42)
(14 18 45 35 1 13 18 6)
(14 18 45 35 1 13 18 6)
(14 18 45 35 1 13 24)
(14 18 45 35 1 13 24)
(14 18 45 35 1 13 24)
(14 18 45 35 1 13 24)
(14 18 45 35 1 18 13 6)
(14 18 45 35 1 18 13 6)
(14 18 50 44 24)
(14 18 50 44 24)
(14 20 1 13 13 48 41)
(14 20 1 13 13 6 41 42)
(14 20 1 13 18 13 41 30)
(14 20 1 13 18 13 6 24 41)
(14 20 1 13 18 48 6 30)
(14 20 1 13 48 24 30)
(14 20 1 13 48 24 30)
(14 20 1 13 6 24 30 42)
(14 20 1 13 6 24 30 42)
(14 20 1 18 13 48 6 30)
(14 20 1 18 50 6 41)
(14 20 1 44 41 30)
(14 20 1 44 6 24 41)
(14 20 1 50 24 41)
(14 20 13 13 48 42)
(14 20 13 18 13 30 42)
(14 20 13 18 13 48 24)
(14 20 13 18 13 6 24 42)
(14 20 13 18 44 41)
(14 20 16 1 13 18 44 24)
(14 20 16 1 13 44 42)
(14 20 16 1 13 44 42)
(14 20 16 1 13 50 6 30)
(14 20 16 1 13 50 6 30)
(14 20 16 1 18 13 44 24)
(14 20 16 13 13 44 30)
(14 20 16 13 13 44 6 24)
(14 20 16 13 13 50 24)
(14 20 16 13 18 13 50 6)
(14 20 16 35 18 6 41)
(14 20 16 35 24 41)
(14 20 16 50 44 6)
(14 20 18 13 44 41)
(14 20 18 44 24 30)
(14 20 18 44 48 6)
(14 20 18 50 48)
(14 20 18 50 6 42)
(14 20 35 1 13 13 24 30)
(14 20 35 1 13 13 24 30)
(14 20 35 1 13 13 48 6)
(14 20 35 1 13 13 48 6)
(14 20 35 1 13 18 13 6 30)
(14 20 35 1 13 18 13 6 30)
(14 20 35 1 44 6 30)
(14 20 35 1 44 6 30)
(14 20 35 1 50 30)
(14 20 35 1 50 30)
(14 20 35 1 50 6 24)
(14 20 35 1 50 6 24)
(14 20 35 13 18 44 6)
(14 20 35 13 18 44 6)
(14 20 35 13 18 50)
(14 20 35 13 18 50)
(14 20 35 13 44 24)
(14 20 35 13 44 24)
(14 20 35 13 44 24)
(14 20 35 13 44 24)
(14 20 35 16 18 6 41)
(14 20 35 16 24 41)
(14 20 35 16 35 30)
(14 20 35 16 35 6 24)
(14 20 35 18 13 44 6)
(14 20 35 18 13 44 6)
(14 20 35 18 13 50)
(14 20 35 18 13 50)
(14 20 44 30 42)
(14 20 44 48 24)
(14 20 44 6 24 42)
(14 20 45 1 13 13 44)
(14 20 45 16 1 13 41)
(14 20 45 16 1 13 41)
(14 20 45 16 1 18 6 30)
(14 20 45 16 1 24 30)
(14 20 45 16 1 48 6)
(14 20 45 16 13 18 24)
(14 20 45 16 13 42)
(14 20 45 16 13 42)
(14 20 45 16 18 13 24)
(14 20 45 16 35 1 13 6)
(14 20 45 16 35 1 13 6)
(14 20 45 35 16 1 13 6)
(14 20 45 35 16 1 13 6)
(14 20 45 35 35 1)
(14 20 45 35 6 30)
(14 20 45 35 6 30)
(14 20 45 41 30)
(14 20 45 6 24 41)
(14 20 50 24 42)
(14 35 1 13 13 44 30)
(14 35 1 13 13 44 30)
(14 35 1 13 13 44 6 24)
(14 35 1 13 13 44 6 24)
(14 35 1 13 13 50 24)
(14 35 1 13 13 50 24)
(14 35 1 13 18 13 50 6)
(14 35 1 13 18 13 50 6)
(14 35 1 50 44 6)
(14 35 1 50 44 6)
(14 35 16 1 13 41 30)
(14 35 16 1 13 41 30)
(14 35 16 1 13 6 24 41)
(14 35 16 1 13 6 24 41)
(14 35 16 1 18 24 42)
(14 35 16 1 48 6 30)
(14 35 16 13 18 13 41)
(14 35 16 13 18 24 30)
(14 35 16 13 18 48 6)
(14 35 16 13 30 42)
(14 35 16 13 30 42)
(14 35 16 13 48 24)
(14 35 16 13 48 24)
(14 35 16 13 6 24 42)
(14 35 16 13 6 24 42)
(14 35 16 18 13 24 30)
(14 35 16 18 13 48 6)
(14 35 16 35 1 13 6 30)
(14 35 16 35 1 13 6 30)
(14 35 16 35 13 13 24)
(14 35 16 35 13 18 13 6)
(14 35 16 35 44 6)
(14 35 16 35 50)
(14 35 16 44 41)
(14 35 18 41 42)
(14 35 18 41 42)
(14 35 35 1 18 6 41)
(14 35 35 1 24 41)
(14 35 35 18 48)
(14 35 35 18 6 42)
(14 35 35 24 42)
(14 35 6 24 41 30)
(14 35 6 24 41 30)
(14 45 1 13 6 41 30)
(14 45 1 13 6 41 30)
(14 45 1 18 30 42)
(14 45 1 18 48 24)
(14 45 1 18 6 24 42)
(14 45 1 48 42)
(14 45 13 13 24 41)
(14 45 13 18 13 6 41)
(14 45 13 18 6 24 30)
(14 45 13 48 30)
(14 45 13 48 30)
(14 45 13 48 6 24)
(14 45 13 48 6 24)
(14 45 13 6 30 42)
(14 45 13 6 30 42)
(14 45 16 1 13 13 48)
(14 45 16 1 13 13 6 42)
(14 45 16 1 13 18 13 30)
(14 45 16 1 13 18 13 6 24)
(14 45 16 1 18 50 6)
(14 45 16 1 44 30)
(14 45 16 1 44 6 24)
(14 45 16 1 50 24)
(14 45 16 13 18 44)
(14 45 16 18 13 44)
(14 45 18 13 6 24 30)
(14 45 35 1 13 18 24)
(14 45 35 1 13 18 24)
(14 45 35 1 13 42)
(14 45 35 1 13 42)
(14 45 35 1 13 42)
(14 45 35 1 13 42)
(14 45 35 1 18 13 24)
(14 45 35 1 18 13 24)
(14 45 35 13 13 30)
(14 45 35 13 13 30)
(14 45 35 13 13 6 24)
(14 45 35 13 13 6 24)
(14 45 35 50 6)
(14 45 35 50 6)
(14 45 44 6 41)
(14 45 50 41)
(14 50 44 42)
(16 1 13 13 24 41 42)
(16 1 13 18 13 48 41)
(16 1 13 18 13 6 41 42)
(16 1 13 18 48 24 30)
(16 1 13 18 6 24 30 42)
(16 1 13 48 30 42)
(16 1 13 48 30 42)
(16 1 13 48 6 24 42)
(16 1 13 48 6 24 42)
(16 1 18 13 48 24 30)
(16 1 18 13 6 24 30 42)
(16 1 18 44 41 30)
(16 1 18 44 6 24 41)
(16 1 18 50 24 41)
(16 1 44 48 41)
(16 1 44 6 41 42)
(16 1 50 41 42)
(16 13 13 48 6 24 30)
(16 13 18 13 48 42)
(16 13 44 6 41 30)
(16 13 44 6 41 30)
(16 13 50 41 30)
(16 13 50 41 30)
(16 13 50 6 24 41)
(16 13 50 6 24 41)
(16 18 44 30 42)
(16 18 44 48 24)
(16 18 44 6 24 42)
(16 18 50 24 42)
(16 35 1 13 13 30 42)
(16 35 1 13 13 48 24)
(16 35 1 13 13 6 24 42)
(16 35 1 13 18 13 24 30)
(16 35 1 13 18 13 48 6)
(16 35 1 13 44 41)
(16 35 1 13 44 41)
(16 35 1 18 44 6 30)
(16 35 1 18 50 30)
(16 35 1 18 50 6 24)
(16 35 1 44 24 30)
(16 35 1 44 48 6)
(16 35 1 50 48)
(16 35 1 50 6 42)
(16 35 13 18 44 24)
(16 35 13 44 42)
(16 35 13 44 42)
(16 35 13 50 6 30)
(16 35 13 50 6 30)
(16 35 18 13 44 24)
(16 44 48 42)
(16 50 48 6 30)
(18 1 13 18 50 44 6)
(18 1 13 50 44 24)
(18 1 13 50 44 24)
(18 1 18 13 50 44 6)
(18 1 18 41 30 42)
(18 1 18 48 24 41)
(18 1 18 6 24 41 42)
(18 1 48 41 42)
(18 13 18 6 24 41 30)
(18 13 48 41 30)
(18 13 48 41 30)
(18 13 48 41 30)
(18 13 48 6 24 41)
(18 13 48 6 24 41)
(18 13 48 6 24 41)
(18 13 6 41 30 42)
(18 13 6 41 30 42)
(18 13 6 41 30 42)
(18 16 1 13 13 48 41)
(18 16 1 13 13 6 41 42)
(18 16 1 13 18 13 41 30)
(18 16 1 13 18 13 6 24 41)
(18 16 1 13 18 48 6 30)
(18 16 1 13 48 24 30)
(18 16 1 13 48 24 30)
(18 16 1 13 6 24 30 42)
(18 16 1 13 6 24 30 42)
(18 16 1 18 13 48 6 30)
(18 16 1 18 50 6 41)
(18 16 1 44 41 30)
(18 16 1 44 6 24 41)
(18 16 1 50 24 41)
(18 16 13 13 48 42)
(18 16 13 18 13 30 42)
(18 16 13 18 13 48 24)
(18 16 13 18 13 6 24 42)
(18 16 13 18 44 41)
(18 16 18 13 44 41)
(18 16 18 44 24 30)
(18 16 18 44 48 6)
(18 16 18 50 48)
(18 16 18 50 6 42)
(18 16 35 1 13 13 24 30)
(18 16 35 1 13 13 48 6)
(18 16 35 1 13 18 13 6 30)
(18 16 35 1 44 6 30)
(18 16 35 1 50 30)
(18 16 35 1 50 6 24)
(18 16 35 13 18 44 6)
(18 16 35 13 18 50)
(18 16 35 13 44 24)
(18 16 35 13 44 24)
(18 16 35 18 13 44 6)
(18 16 35 18 13 50)
(18 16 44 30 42)
(18 16 44 48 24)
(18 16 44 6 24 42)
(18 16 50 24 42)
(18 18 13 6 24 41 30)
(18 18 48 24 42)
(18 20 1 13 13 44 41)
(18 20 1 13 18 44 6 30)
(18 20 1 13 18 50 30)
(18 20 1 13 18 50 6 24)
(18 20 1 13 44 24 30)
(18 20 1 13 44 24 30)
(18 20 1 13 44 48 6)
(18 20 1 13 44 48 6)
(18 20 1 13 50 48)
(18 20 1 13 50 48)
(18 20 1 13 50 6 42)
(18 20 1 13 50 6 42)
(18 20 1 18 13 44 6 30)
(18 20 1 18 13 50 30)
(18 20 1 18 13 50 6 24)
(18 20 13 13 44 42)
(18 20 13 13 50 6 30)
(18 20 13 18 13 44 24)
(18 20 16 1 18 6 41 30)
(18 20 16 1 24 41 30)
(18 20 16 1 48 6 41)
(18 20 16 13 18 24 41)
(18 20 16 13 41 42)
(18 20 16 13 41 42)
(18 20 16 18 13 24 41)
(18 20 16 18 48 30)
(18 20 16 18 48 6 24)
(18 20 16 18 6 30 42)
(18 20 16 24 30 42)
(18 20 16 35 1 13 6 41)
(18 20 16 35 1 13 6 41)
(18 20 16 35 1 18 42)
(18 20 16 35 1 6 24 30)
(18 20 16 35 13 18 30)
(18 20 16 35 13 18 6 24)
(18 20 16 35 13 48)
(18 20 16 35 13 48)
(18 20 16 35 13 6 42)
(18 20 16 35 13 6 42)
(18 20 16 35 18 13 30)
(18 20 16 35 18 13 6 24)
(18 20 16 48 6 42)
(18 20 18 50 44)
(18 20 35 1 13 13 44 6)
(18 20 35 1 13 13 44 6)
(18 20 35 1 13 13 50)
(18 20 35 1 13 13 50)
(18 20 35 16 1 13 6 41)
(18 20 35 16 1 13 6 41)
(18 20 35 16 1 18 42)
(18 20 35 16 1 6 24 30)
(18 20 35 16 13 18 30)
(18 20 35 16 13 18 6 24)
(18 20 35 16 13 48)
(18 20 35 16 13 48)
(18 20 35 16 13 6 42)
(18 20 35 16 13 6 42)
(18 20 35 16 18 13 30)
(18 20 35 16 18 13 6 24)
(18 20 35 16 35 13 13)
(18 20 35 35 1 41)
(18 20 35 35 18 24)
(18 20 35 35 42)
(18 20 35 6 41 30)
(18 20 35 6 41 30)
(18 20 45 1 18 48)
(18 20 45 1 18 6 42)
(18 20 45 1 24 42)
(18 20 45 13 13 41)
(18 20 45 13 18 6 30)
(18 20 45 13 24 30)
(18 20 45 13 24 30)
(18 20 45 13 48 6)
(18 20 45 13 48 6)
(18 20 45 16 1 13 13 24)
(18 20 45 16 1 13 18 13 6)
(18 20 45 16 1 44 6)
(18 20 45 16 1 50)
(18 20 45 18 13 6 30)
(18 20 45 35 1 13 18)
(18 20 45 35 1 13 18)
(18 20 45 35 1 18 13)
(18 20 45 35 1 18 13)
(18 20 45 35 13 13 6)
(18 20 45 35 13 13 6)
(18 35 1 13 18 24 41)
(18 35 1 13 18 24 41)
(18 35 1 13 41 42)
(18 35 1 13 41 42)
(18 35 1 13 41 42)
(18 35 1 13 41 42)
(18 35 1 18 13 24 41)
(18 35 1 18 13 24 41)
(18 35 1 18 48 30)
(18 35 1 18 48 30)
(18 35 1 18 48 6 24)
(18 35 1 18 48 6 24)
(18 35 1 18 6 30 42)
(18 35 1 18 6 30 42)
(18 35 1 24 30 42)
(18 35 1 24 30 42)
(18 35 1 48 6 42)
(18 35 1 48 6 42)
(18 35 13 13 41 30)
(18 35 13 13 41 30)
(18 35 13 13 6 24 41)
(18 35 13 13 6 24 41)
(18 35 13 18 24 42)
(18 35 13 18 24 42)
(18 35 13 48 6 30)
(18 35 13 48 6 30)
(18 35 13 48 6 30)
(18 35 13 48 6 30)
(18 35 16 1 13 13 24 30)
(18 35 16 1 13 13 48 6)
(18 35 16 1 13 18 13 6 30)
(18 35 16 1 44 6 30)
(18 35 16 1 50 30)
(18 35 16 1 50 6 24)
(18 35 16 13 18 44 6)
(18 35 16 13 18 50)
(18 35 16 13 44 24)
(18 35 16 13 44 24)
(18 35 16 18 13 44 6)
(18 35 16 18 13 50)
(18 35 18 13 24 42)
(18 35 18 13 24 42)
(18 35 35 1 13 18 30)
(18 35 35 1 13 18 6 24)
(18 35 35 1 13 48)
(18 35 35 1 13 48)
(18 35 35 1 13 6 42)
(18 35 35 1 13 6 42)
(18 35 35 1 18 13 30)
(18 35 35 1 18 13 6 24)
(18 35 35 13 13 6 30)
(18 35 35 18 44)
(18 35 50 6 41)
(18 35 50 6 41)
(18 45 1 13 13 6 24 30)
(18 45 1 13 18 13 42)
(18 45 1 18 44 24)
(18 45 1 44 42)
(18 45 1 50 6 30)
(18 45 13 18 50 6)
(18 45 13 44 30)
(18 45 13 44 30)
(18 45 13 44 6 24)
(18 45 13 44 6 24)
(18 45 13 50 24)
(18 45 13 50 24)
(18 45 16 1 13 13 44)
(18 45 16 35 6 30)
(18 45 16 41 30)
(18 45 16 6 24 41)
(18 45 18 13 50 6)
(18 45 35 16 35 1)
(18 45 35 16 6 30)
(20 1 13 18 13 44 41)
(20 1 13 18 44 24 30)
(20 1 13 18 44 48 6)
(20 1 13 18 50 48)
(20 1 13 18 50 6 42)
(20 1 13 44 30 42)
(20 1 13 44 30 42)
(20 1 13 44 48 24)
(20 1 13 44 48 24)
(20 1 13 44 6 24 42)
(20 1 13 44 6 24 42)
(20 1 13 50 24 42)
(20 1 13 50 24 42)
(20 1 18 13 44 24 30)
(20 1 18 13 44 48 6)
(20 1 18 13 50 48)
(20 1 18 13 50 6 42)
(20 13 13 44 6 24 30)
(20 13 13 50 24 30)
(20 13 13 50 48 6)
(20 13 18 13 44 42)
(20 13 18 13 50 6 30)
(20 16 1 13 50 44 6)
(20 16 1 13 50 44 6)
(20 16 1 18 24 41 30)
(20 16 1 18 48 6 41)
(20 16 1 41 30 42)
(20 16 1 48 24 41)
(20 16 1 6 24 41 42)
(20 16 13 18 41 42)
(20 16 13 6 24 41 30)
(20 16 13 6 24 41 30)
(20 16 18 13 41 42)
(20 16 18 24 30 42)
(20 16 18 48 6 42)
(20 16 35 1 13 18 6 41)
(20 16 35 1 13 24 41)
(20 16 35 1 13 24 41)
(20 16 35 1 18 13 6 41)
(20 16 35 1 18 6 24 30)
(20 16 35 1 48 30)
(20 16 35 1 48 6 24)
(20 16 35 1 6 30 42)
(20 16 35 13 18 48)
(20 16 35 13 18 6 42)
(20 16 35 13 24 42)
(20 16 35 13 24 42)
(20 16 35 18 13 48)
(20 16 35 18 13 6 42)
(20 16 48 24 42)
(20 35 1 13 13 44 24)
(20 35 1 13 13 44 24)
(20 35 1 13 18 13 44 6)
(20 35 1 13 18 13 44 6)
(20 35 1 13 18 13 50)
(20 35 1 13 18 13 50)
(20 35 1 50 44)
(20 35 1 50 44)
(20 35 16 1 13 18 6 41)
(20 35 16 1 13 24 41)
(20 35 16 1 13 24 41)
(20 35 16 1 18 13 6 41)
(20 35 16 1 18 6 24 30)
(20 35 16 1 48 30)
(20 35 16 1 48 6 24)
(20 35 16 1 6 30 42)
(20 35 16 13 18 48)
(20 35 16 13 18 6 42)
(20 35 16 13 24 42)
(20 35 16 13 24 42)
(20 35 16 18 13 48)
(20 35 16 18 13 6 42)
(20 35 16 35 1 13 30)
(20 35 16 35 1 13 30)
(20 35 16 35 1 13 6 24)
(20 35 16 35 1 13 6 24)
(20 35 16 35 13 18 13)
(20 35 16 35 44)
(20 35 18 6 41 30)
(20 35 18 6 41 30)
(20 35 24 41 30)
(20 35 24 41 30)
(20 35 35 1 18 41)
(20 35 35 13 6 41)
(20 35 35 13 6 41)
(20 35 35 18 42)
(20 35 35 6 24 30)
(20 35 48 6 41)
(20 35 48 6 41)
(20 45 1 13 41 30)
(20 45 1 13 41 30)
(20 45 1 13 6 24 41)
(20 45 1 13 6 24 41)
(20 45 1 18 24 42)
(20 45 1 48 6 30)
(20 45 13 18 13 41)
(20 45 13 18 24 30)
(20 45 13 18 48 6)
(20 45 13 30 42)
(20 45 13 30 42)
(20 45 13 48 24)
(20 45 13 48 24)
(20 45 13 6 24 42)
(20 45 13 6 24 42)
(20 45 16 1 13 13 42)
(20 45 16 1 13 18 13 24)
(20 45 16 1 18 44 6)
(20 45 16 1 18 50)
(20 45 16 1 44 24)
(20 45 16 13 50 6)
(20 45 16 13 50 6)
(20 45 18 13 24 30)
(20 45 18 13 48 6)
(20 45 35 1 13 6 30)
(20 45 35 1 13 6 30)
(20 45 35 1 13 6 30)
(20 45 35 1 13 6 30)
(20 45 35 13 13 24)
(20 45 35 13 13 24)
(20 45 35 13 18 13 6)
(20 45 35 13 18 13 6)
(20 45 35 44 6)
(20 45 35 44 6)
(20 45 35 50)
(20 45 35 50)
(20 45 44 41)
(20 50 44 6 30)
(33 1 13 13 48 42)
(33 1 13 18 13 30 42)
(33 1 13 18 13 48 24)
(33 1 13 18 13 6 24 42)
(33 1 13 18 44 41)
(33 1 18 13 44 41)
(33 1 18 44 24 30)
(33 1 18 44 48 6)
(33 1 18 50 48)
(33 1 18 50 6 42)
(33 1 44 30 42)
(33 1 44 48 24)
(33 1 44 6 24 42)
(33 1 50 24 42)
(33 13 13 44 6 41)
(33 13 13 50 41)
(33 13 18 44 42)
(33 13 18 50 6 30)
(33 13 44 6 24 30)
(33 13 44 6 24 30)
(33 13 50 24 30)
(33 13 50 24 30)
(33 13 50 48 6)
(33 13 50 48 6)
(33 14 1 13 18 41 30)
(33 14 1 13 18 6 24 41)
(33 14 1 13 48 41)
(33 14 1 13 48 41)
(33 14 1 13 6 41 42)
(33 14 1 13 6 41 42)
(33 14 1 18 13 41 30)
(33 14 1 18 13 6 24 41)
(33 14 1 18 48 6 30)
(33 14 1 48 24 30)
(33 14 1 6 24 30 42)
(33 14 13 13 6 41 30)
(33 14 13 18 30 42)
(33 14 13 18 48 24)
(33 14 13 18 6 24 42)
(33 14 13 48 42)
(33 14 13 48 42)
(33 14 16 1 13 13 6 24 30)
(33 14 16 1 13 18 13 42)
(33 14 16 1 18 44 24)
(33 14 16 1 44 42)
(33 14 16 1 50 6 30)
(33 14 16 13 18 50 6)
(33 14 16 13 44 30)
(33 14 16 13 44 30)
(33 14 16 13 44 6 24)
(33 14 16 13 44 6 24)
(33 14 16 13 50 24)
(33 14 16 13 50 24)
(33 14 16 18 13 50 6)
(33 14 18 1 13 41 30)
(33 14 18 1 13 41 30)
(33 14 18 1 13 6 24 41)
(33 14 18 1 13 6 24 41)
(33 14 18 1 18 24 42)
(33 14 18 1 48 6 30)
(33 14 18 13 18 13 41)
(33 14 18 13 18 24 30)
(33 14 18 13 18 48 6)
(33 14 18 13 30 42)
(33 14 18 13 30 42)
(33 14 18 13 30 42)
(33 14 18 13 48 24)
(33 14 18 13 48 24)
(33 14 18 13 48 24)
(33 14 18 13 6 24 42)
(33 14 18 13 6 24 42)
(33 14 18 13 6 24 42)
(33 14 18 16 1 13 13 42)
(33 14 18 16 1 13 18 13 24)
(33 14 18 16 1 18 44 6)
(33 14 18 16 1 18 50)
(33 14 18 16 1 44 24)
(33 14 18 16 13 50 6)
(33 14 18 16 13 50 6)
(33 14 18 18 13 24 30)
(33 14 18 18 13 48 6)
(33 14 18 20 16 1 18 30)
(33 14 18 20 16 1 18 6 24)
(33 14 18 20 16 1 48)
(33 14 18 20 16 1 6 42)
(33 14 18 20 16 13 6 30)
(33 14 18 20 16 13 6 30)
(33 14 18 20 16 35 1 13)
(33 14 18 20 16 35 1 13)
(33 14 18 20 18 6 41)
(33 14 18 20 24 41)
(33 14 18 20 35 16 1 13)
(33 14 18 20 35 16 1 13)
(33 14 18 20 35 30)
(33 14 18 20 35 30)
(33 14 18 20 35 6 24)
(33 14 18 20 35 6 24)
(33 14 18 20 45 1 13 6)
(33 14 18 20 45 1 13 6)
(33 14 18 35 1 13 6 30)
(33 14 18 35 1 13 6 30)
(33 14 18 35 1 13 6 30)
(33 14 18 35 1 13 6 30)
(33 14 18 35 13 13 24)
(33 14 18 35 13 13 24)
(33 14 18 35 13 18 13 6)
(33 14 18 35 13 18 13 6)
(33 14 18 35 44 6)
(33 14 18 35 44 6)
(33 14 18 35 50)
(33 14 18 35 50)
(33 14 18 44 41)
(33 14 18 44 41)
(33 14 18 45 16 18 6)
(33 14 18 45 16 24)
(33 14 20 1 13 13 50 6)
(33 14 20 16 1 18 48)
(33 14 20 16 1 18 6 42)
(33 14 20 16 1 24 42)
(33 14 20 16 13 13 41)
(33 14 20 16 13 18 6 30)
(33 14 20 16 13 24 30)
(33 14 20 16 13 24 30)
(33 14 20 16 13 48 6)
(33 14 20 16 13 48 6)
(33 14 20 16 18 13 6 30)
(33 14 20 16 35 1 13 18)
(33 14 20 16 35 1 18 13)
(33 14 20 16 35 13 13 6)
(33 14 20 18 24 41)
(33 14 20 35 1 6 41)
(33 14 20 35 1 6 41)
(33 14 20 35 16 1 13 18)
(33 14 20 35 16 1 18 13)
(33 14 20 35 16 13 13 6)
(33 14 20 35 18 30)
(33 14 20 35 18 30)
(33 14 20 35 18 6 24)
(33 14 20 35 18 6 24)
(33 14 20 35 35 13)
(33 14 20 35 35 13)
(33 14 20 35 48)
(33 14 20 35 48)
(33 14 20 35 6 42)
(33 14 20 35 6 42)
(33 14 20 41 42)
(33 14 20 45 1 13 18 6)
(33 14 20 45 1 13 24)
(33 14 20 45 1 13 24)
(33 14 20 45 1 18 13 6)
(33 14 35 1 13 13 41)
(33 14 35 1 13 13 41)
(33 14 35 1 13 18 6 30)
(33 14 35 1 13 18 6 30)
(33 14 35 1 13 24 30)
(33 14 35 1 13 24 30)
(33 14 35 1 13 24 30)
(33 14 35 1 13 24 30)
(33 14 35 1 13 48 6)
(33 14 35 1 13 48 6)
(33 14 35 1 13 48 6)
(33 14 35 1 13 48 6)
(33 14 35 1 18 13 6 30)
(33 14 35 1 18 13 6 30)
(33 14 35 13 13 42)
(33 14 35 13 13 42)
(33 14 35 13 18 13 24)
(33 14 35 13 18 13 24)
(33 14 35 18 44 6)
(33 14 35 18 44 6)
(33 14 35 18 50)
(33 14 35 18 50)
(33 14 35 35 1 13 13 6)
(33 14 35 44 24)
(33 14 35 44 24)
(33 14 45 1 13 44)
(33 14 45 1 13 44)
(33 14 45 16 1 41)
(33 14 45 16 18 24)
(33 14 45 16 35 1 6)
(33 14 45 16 42)
(33 14 45 35 16 1 6)
(33 16 1 13 13 44 30)
(33 16 1 13 13 44 6 24)
(33 16 1 13 13 50 24)
(33 16 1 13 18 13 50 6)
(33 16 1 50 44 6)
(33 16 18 41 42)
(33 16 35 1 18 6 41)
(33 16 35 1 24 41)
(33 16 35 18 48)
(33 16 35 18 6 42)
(33 16 35 24 42)
(33 16 6 24 41 30)
(33 18 1 13 13 30 42)
(33 18 1 13 13 48 24)
(33 18 1 13 13 6 24 42)
(33 18 1 13 18 13 24 30)
(33 18 1 13 18 13 48 6)
(33 18 1 13 44 41)
(33 18 1 13 44 41)
(33 18 1 18 44 6 30)
(33 18 1 18 50 30)
(33 18 1 18 50 6 24)
(33 18 1 44 24 30)
(33 18 1 44 48 6)
(33 18 1 50 48)
(33 18 1 50 6 42)
(33 18 13 18 44 24)
(33 18 13 44 42)
(33 18 13 44 42)
(33 18 13 44 42)
(33 18 13 50 6 30)
(33 18 13 50 6 30)
(33 18 13 50 6 30)
(33 18 16 1 13 13 50 6)
(33 18 16 18 24 41)
(33 18 16 35 1 6 41)
(33 18 16 35 18 30)
(33 18 16 35 18 6 24)
(33 18 16 35 48)
(33 18 16 35 6 42)
(33 18 16 41 42)
(33 18 18 13 44 24)
(33 18 20 1 13 18 6 41)
(33 18 20 1 13 24 41)
(33 18 20 1 13 24 41)
(33 18 20 1 18 13 6 41)
(33 18 20 1 18 6 24 30)
(33 18 20 1 48 30)
(33 18 20 1 48 6 24)
(33 18 20 1 6 30 42)
(33 18 20 13 18 48)
(33 18 20 13 18 6 42)
(33 18 20 13 24 42)
(33 18 20 13 24 42)
(33 18 20 16 1 13 13 6 30)
(33 18 20 16 1 18 44)
(33 18 20 16 13 44 6)
(33 18 20 16 13 44 6)
(33 18 20 16 13 50)
(33 18 20 16 13 50)
(33 18 20 18 13 48)
(33 18 20 18 13 6 42)
(33 18 20 35 1 13 30)
(33 18 20 35 1 13 30)
(33 18 20 35 1 13 30)
(33 18 20 35 1 13 30)
(33 18 20 35 1 13 6 24)
(33 18 20 35 1 13 6 24)
(33 18 20 35 1 13 6 24)
(33 18 20 35 1 13 6 24)
(33 18 20 35 13 18 13)
(33 18 20 35 13 18 13)
(33 18 20 35 44)
(33 18 20 35 44)
(33 18 20 45 16 18)
(33 18 35 1 13 44 6)
(33 18 35 1 13 44 6)
(33 18 35 1 13 44 6)
(33 18 35 1 13 44 6)
(33 18 35 1 13 50)
(33 18 35 1 13 50)
(33 18 35 1 13 50)
(33 18 35 1 13 50)
(33 18 35 16 1 6 41)
(33 18 35 16 18 30)
(33 18 35 16 18 6 24)
(33 18 35 16 35 13)
(33 18 35 16 35 13)
(33 18 35 16 48)
(33 18 35 16 6 42)
(33 18 45 13 41)
(33 18 45 13 41)
(33 18 45 16 1 13 18 6)
(33 18 45 16 1 13 24)
(33 18 45 16 1 13 24)
(33 18 45 16 1 18 13 6)
(33 18 45 18 6 30)
(33 18 45 24 30)
(33 18 45 35 1 18)
(33 18 45 35 1 18)
(33 18 45 35 13 6)
(33 18 45 35 13 6)
(33 18 45 35 13 6)
(33 18 45 35 13 6)
(33 18 45 48 6)
(33 20 1 13 18 24 41)
(33 20 1 13 41 42)
(33 20 1 13 41 42)
(33 20 1 18 13 24 41)
(33 20 1 18 48 30)
(33 20 1 18 48 6 24)
(33 20 1 18 6 30 42)
(33 20 1 24 30 42)
(33 20 1 48 6 42)
(33 20 13 13 41 30)
(33 20 13 13 6 24 41)
(33 20 13 18 24 42)
(33 20 13 48 6 30)
(33 20 13 48 6 30)
(33 20 16 1 13 13 24 30)
(33 20 16 1 13 13 48 6)
(33 20 16 1 13 18 13 6 30)
(33 20 16 1 44 6 30)
(33 20 16 1 50 30)
(33 20 16 1 50 6 24)
(33 20 16 13 18 44 6)
(33 20 16 13 18 50)
(33 20 16 13 44 24)
(33 20 16 13 44 24)
(33 20 16 18 13 44 6)
(33 20 16 18 13 50)
(33 20 18 13 24 42)
(33 20 35 1 13 18 30)
(33 20 35 1 13 18 30)
(33 20 35 1 13 18 6 24)
(33 20 35 1 13 18 6 24)
(33 20 35 1 13 48)
(33 20 35 1 13 48)
(33 20 35 1 13 48)
(33 20 35 1 13 48)
(33 20 35 1 13 6 42)
(33 20 35 1 13 6 42)
(33 20 35 1 13 6 42)
(33 20 35 1 13 6 42)
(33 20 35 1 18 13 30)
(33 20 35 1 18 13 30)
(33 20 35 1 18 13 6 24)
(33 20 35 1 18 13 6 24)
(33 20 35 13 13 6 30)
(33 20 35 13 13 6 30)
(33 20 35 18 44)
(33 20 35 18 44)
(33 20 35 35 1 13 13)
(33 20 45 16 35 1)
(33 20 45 16 6 30)
(33 20 45 35 16 1)
(33 20 50 6 41)
(33 35 1 13 18 44 6)
(33 35 1 13 18 44 6)
(33 35 1 13 18 50)
(33 35 1 13 18 50)
(33 35 1 13 44 24)
(33 35 1 13 44 24)
(33 35 1 13 44 24)
(33 35 1 13 44 24)
(33 35 1 18 13 44 6)
(33 35 1 18 13 44 6)
(33 35 1 18 13 50)
(33 35 1 18 13 50)
(33 35 13 13 50 6)
(33 35 13 13 50 6)
(33 35 16 1 18 6 41)
(33 35 16 1 24 41)
(33 35 16 18 48)
(33 35 16 18 6 42)
(33 35 16 24 42)
(33 35 16 35 1 30)
(33 35 16 35 1 6 24)
(33 35 16 35 13 18)
(33 35 16 35 18 13)
(33 35 35 6 41)
(33 45 1 41 30)
(33 45 1 6 24 41)
(33 45 13 18 41)
(33 45 16 1 13 18 24)
(33 45 16 1 13 42)
(33 45 16 1 13 42)
(33 45 16 1 18 13 24)
(33 45 16 13 13 30)
(33 45 16 13 13 6 24)
(33 45 16 50 6)
(33 45 18 13 41)
(33 45 18 24 30)
(33 45 18 48 6)
(33 45 30 42)
(33 45 35 1 6 30)
(33 45 35 1 6 30)
(33 45 35 13 18 6)
(33 45 35 13 18 6)
(33 45 35 13 24)
(33 45 35 13 24)
(33 45 35 13 24)
(33 45 35 13 24)
(33 45 35 18 13 6)
(33 45 35 18 13 6)
(33 45 48 24)
(33 45 6 24 42)
(35 1 13 18 41 42)
(35 1 13 18 41 42)
(35 1 13 6 24 41 30)
(35 1 13 6 24 41 30)
(35 1 13 6 24 41 30)
(35 1 13 6 24 41 30)
(35 1 18 13 41 42)
(35 1 18 13 41 42)
(35 1 18 24 30 42)
(35 1 18 24 30 42)
(35 1 18 48 6 42)
(35 1 18 48 6 42)
(35 1 48 24 42)
(35 1 48 24 42)
(35 13 13 48 41)
(35 13 13 48 41)
(35 13 13 6 41 42)
(35 13 13 6 41 42)
(35 13 18 13 41 30)
(35 13 18 13 41 30)
(35 13 18 13 6 24 41)
(35 13 18 13 6 24 41)
(35 13 18 48 6 30)
(35 13 18 48 6 30)
(35 13 48 24 30)
(35 13 48 24 30)
(35 13 48 24 30)
(35 13 48 24 30)
(35 13 6 24 30 42)
(35 13 6 24 30 42)
(35 13 6 24 30 42)
(35 13 6 24 30 42)
(35 16 1 13 13 30 42)
(35 16 1 13 13 48 24)
(35 16 1 13 13 6 24 42)
(35 16 1 13 18 13 24 30)
(35 16 1 13 18 13 48 6)
(35 16 1 13 44 41)
(35 16 1 13 44 41)
(35 16 1 18 44 6 30)
(35 16 1 18 50 30)
(35 16 1 18 50 6 24)
(35 16 1 44 24 30)
(35 16 1 44 48 6)
(35 16 1 50 48)
(35 16 1 50 6 42)
(35 16 13 18 44 24)
(35 16 13 44 42)
(35 16 13 44 42)
(35 16 13 50 6 30)
(35 16 13 50 6 30)
(35 16 18 13 44 24)
(35 16 35 1 13 44 6)
(35 16 35 1 13 44 6)
(35 16 35 1 13 50)
(35 16 35 1 13 50)
(35 18 13 48 6 30)
(35 18 13 48 6 30)
(35 18 50 6 41)
(35 18 50 6 41)
(35 35 1 13 18 48)
(35 35 1 13 18 6 42)
(35 35 1 13 24 42)
(35 35 1 13 24 42)
(35 35 1 18 13 48)
(35 35 1 18 13 6 42)
(35 35 13 13 24 30)
(35 35 13 13 48 6)
(35 35 13 18 13 6 30)
(35 35 44 6 30)
(35 35 50 30)
(35 35 50 6 24)
(35 44 41 30)
(35 44 41 30)
(35 44 6 24 41)
(35 44 6 24 41)
(35 50 24 41)
(35 50 24 41)
(45 1 13 13 48 30)
(45 1 13 13 48 6 24)
(45 1 13 13 6 30 42)
(45 1 13 18 13 6 24 30)
(45 1 13 44 6 41)
(45 1 13 44 6 41)
(45 1 13 50 41)
(45 1 13 50 41)
(45 1 18 44 42)
(45 1 18 50 6 30)
(45 1 44 6 24 30)
(45 1 50 24 30)
(45 1 50 48 6)
(45 13 18 44 30)
(45 13 18 44 6 24)
(45 13 18 50 24)
(45 13 44 48)
(45 13 44 48)
(45 13 44 6 42)
(45 13 44 6 42)
(45 13 50 42)
(45 13 50 42)
(45 16 1 13 18 13 44)
(45 16 18 41 30)
(45 16 18 6 24 41)
(45 16 35 13 41)
(45 16 35 13 41)
(45 16 35 18 6 30)
(45 16 35 24 30)
(45 16 35 48 6)
(45 16 48 41)
(45 16 6 41 42)
(45 18 13 44 30)
(45 18 13 44 6 24)
(45 18 13 50 24)
(45 35 1 13 50 6)
(45 35 1 13 50 6)
(45 35 1 13 50 6)
(45 35 1 13 50 6)
(45 35 13 13 44)
(45 35 13 13 44)
(45 35 16 13 41)
(45 35 16 13 41)
(45 35 16 18 6 30)
(45 35 16 24 30)
(45 35 16 35 1 18)
(45 35 16 35 13 6)
(45 35 16 35 13 6)
(45 35 16 48 6)
(48 6 24 30 42)
